lastAccountName: KanzlerLuzifer
timestamps:
  login: 1517960187034
  logout: 1517961408566
ipAddress: 95.90.187.36
logoutlocation:
  world: ti_logic
  x: -95.9988138568098
  y: 15.308430324527302
  z: 546.1434585736903
  yaw: 105.74998
  pitch: 50.999947
