lastAccountName: DerWandelndeNils
timestamps:
  login: 1517704883614
  logout: 1517705024804
ipAddress: 192.168.178.39
lastlocation:
  world: ti_logic
  x: -24.302591099425033
  y: 11.74288884414775
  z: 245.4684407630672
  yaw: 249.1458
  pitch: 23.700026
logoutlocation:
  world: Lobby
  x: 669.8800098727452
  y: 173.85430187489982
  z: -602.4475070992016
  yaw: 25.64984
  pitch: 59.85004
