lastAccountName: Yasha_Play_YT
timestamps:
  login: 1518205758734
  logout: 1518206681276
ipAddress: 78.35.50.60
lastlocation:
  world: ti_logic
  x: -138.3162363058566
  y: 10.0
  z: 657.6718825068649
  yaw: 22.507568
  pitch: 69.59971
logoutlocation:
  world: pvp
  x: 630.5542594791724
  y: 16.05640843592245
  z: 648.4245979124147
  yaw: 94.799805
  pitch: -19.950327
