lastAccountName: Darth_Distress
timestamps:
  login: 1518192070621
  logout: 1518194492134
ipAddress: 93.233.85.188
logoutlocation:
  world: ti_logic
  x: -183.47692897964828
  y: 99.0
  z: 611.9096813393934
  yaw: 12.03125
  pitch: -1.1991659
lastlocation:
  world: ti_logic
  x: 288.5
  y: 44.0
  z: 179.5
  yaw: 175.94952
  pitch: 20.550247
