geolocation: 'null'
lastAccountName: Lord_Ladix
timestamps:
  login: 1517077220750
  logout: 1517076913322
ipAddress: 217.245.113.146
logoutlocation:
  world: ti_logic
  x: 44.64922775443784
  y: 52.995393937152535
  z: 560.0229257810013
  yaw: 53.539917
  pitch: 15.44996
