lastAccountName: Darth_Distress
timestamps:
  login: 1518797617934
  lastteleport: 1518799838303
  logout: 1518801480526
ipAddress: 93.233.83.235
lastlocation:
  world: Lobby
  x: 362.72919376851667
  y: 73.0
  z: -547.2837147072856
  yaw: 178.9071
  pitch: 40.049946
logoutlocation:
  world: ti_logic
  x: 345.13309262552735
  y: 6.794665064155594
  z: 120.7529929146609
  yaw: 268.64362
  pitch: 41.101707
